0.063627 0.532523 0.015377 0.044395 0.033949 0.022792 0.029720 0.160190 0.024399 0.029920 0.043108
0.306676 0.048048 0.095210 0.103394 0.077870 0.060206 0.057751 0.106477 0.065534 0.016119 0.062715
0.028542 0.007701 0.344309 0.052270 0.027195 0.136722 0.121831 0.077451 0.144826 0.011831 0.047321
0.082322 0.053093 0.120576 0.273346 0.062380 0.030235 0.118482 0.097624 0.056384 0.057869 0.047688
0.005088 0.006193 0.163414 0.019631 0.007828 0.331519 0.162145 0.078853 0.173792 0.007559 0.043978
0.010961 0.013755 0.130043 0.043192 0.013783 0.111607 0.335257 0.102981 0.180261 0.035245 0.022917
0.059802 0.137702 0.044587 0.091955 0.020547 0.024332 0.170399 0.306148 0.076378 0.041290 0.026858
0.030213 0.022997 0.198376 0.095365 0.038268 0.087656 0.222309 0.093061 0.097471 0.064334 0.049948
0.055798 0.084204 0.048227 0.058594 0.036570 0.046469 0.095834 0.043474 0.060599 0.429951 0.040281
0.040489 0.054049 0.092252 0.089626 0.038631 0.058400 0.205023 0.087607 0.073779 0.215908 0.044235
