0.019274 0.007448 0.349055 0.050898 0.027667 0.130065 0.136935 0.069853 0.141777 0.010832 0.056195
0.180271 0.029464 0.179846 0.131206 0.058338 0.060616 0.089590 0.111171 0.083617 0.025144 0.050737
0.008417 0.003834 0.126049 0.021308 0.007266 0.131586 0.245957 0.101212 0.323843 0.012263 0.018265
0.003671 0.005308 0.226948 0.020363 0.010652 0.350406 0.094461 0.073692 0.155307 0.005463 0.053729
0.010505 0.013631 0.086086 0.047007 0.013892 0.080765 0.417366 0.112862 0.157658 0.042204 0.018025
0.005236 0.005912 0.018066 0.016607 0.003514 0.017039 0.654452 0.168925 0.085984 0.018050 0.006217
0.023616 0.035372 0.113443 0.072966 0.037806 0.081427 0.275766 0.080537 0.084384 0.155363 0.039321
0.040276 0.042839 0.093122 0.059425 0.040848 0.073544 0.182216 0.057424 0.076895 0.284522 0.048887
0.027184 0.024421 0.178779 0.103863 0.035981 0.078206 0.250586 0.098607 0.099339 0.064054 0.038979
0.012683 0.008413 0.240687 0.038722 0.018076 0.134346 0.251818 0.080256 0.152985 0.024005 0.038010
